//crossings.txt zur Definition der Kreuzungen des Strassennetzes
// Format: index type y x1 z1 x2 z2 x3 z3 x4 z4 lane1 lane2 lane3 ... laneN
0 Curve2x2 10 -160 91 -145 92 -147 103 -159 104 2 3 5 4
1 Curve2x2 15 -158 122 -145 122 -145 134 -157 134 0 1 3 2
2 Curve2x2 15 -112 122 -99 122 -98 134 -112 134 1 0 6 7
3 Curve2x2 -10 81 88 89 80 102 88 86 102 16 17 19 18
4 Curve2x2 -10 99 20 113 20 113 41 99 36 18 19 21 20
5 Curve2x2 -15 99 -95 115 -95 115 -81 100 -81 42 43 45 44
6 Curve2x2 10 111 -307 122 -307 122 -294 109 -294 97 96 94 95
7 Curve2x2 10 -121 -319 -104 -332 -99 -318 -109 -311 82 83 85 84
8 Curve2x2 15 34 -369 47 -369 47 -356 34 -356 90 91 93 92
9 Curve2x2 15 112 -369 124 -369 124 -356 112 -357 95 94 92 93
10 Curve2x2 5 -101 -251 -74 -270 -74 -249 -100 -232 100 101 99 98
11 TRoads2x2 10 -139 -254 -125 -248 -125 -232 -140 -232 80 81 101 100 83 82
12 TRoads2x4 0 -49 106 -15 112 -10 129 -61 128 17 16 15 14 13 12 4 5
13 TRoads2x4 10 -158 -52 -137 -55 -138 -31 -155 -31 26 27 33 32 31 30 29 28
14 TRoads2x4 15 -176 -144 -161 -144 -161 -121 -178 -118 28 29 79 78 77 76 81 80
15 TRoads2x4 0 -44 -360 -2 -355 -12 -338 -38 -342 84 85 86 87 88 89 96 97
16 XRoads2x2 10 -112 35 -96 35 -96 51 -112 51 7 6 10 11 27 26 9 8 
17 XRoads2x2 10 20 -268 53 -268 53 -237 20 -237 62 63 75 74 91 90 72 73
18 Curve4x4 0 221 -53 244 -53 259 -25 220 -29 46 47 48 49 53 52 51 50
19 Curve4x4 10 283 -94 320 -120 320 -42 283 -75 50 51 52 53 57 56 55 54
20 Curve4x4 0 216 -151 255 -146 243 -121 219 -126 54 55 56 57 58 59 60 61
21 TRoads4x2 0 -39 40 -12 35 -16 60 -42 55 11 10 12 13 14 15 25 24 23 22
22 TRoads4x2 10 27 -145 44 -145 44 -121 26 -121 63 62 64 65 66 67 61 60 59 58
23 XRoads2x4 0 -52 -272 -26 -267 -28 -246 -56 -246 98 99 68 69 70 71 73 72 89 88 87 86
24 XRoads2x4 -10 100 -55 124 -65 124 -22 100 -22 43 42 38 39 40 41 20 21 49 48 47 46
25 XRoads4x4 0 -45 -57 -24 -58 -13 -33 -38 -29 22 23 24 25 41 40 39 38 37 36 35 34 30 31 32 33
26 XRoads4x4 0 -54 -143 -28 -147 -22 -118 -44 -118 34 35 36 37 67 66 65 64 71 70 69 68 76 77 78 79